053	Elbjerg	POLYGON((10.531492500000013 56.1966238,10.530889611017756 56.196494916231494,10.531085411806998 56.196211416540834,10.531688300000042 56.1963403,10.531492500000013 56.1966238))
041	Blåvand	POLYGON((8.080673400000023 55.5628467,8.080461030779702 55.56318729971555,8.079858723716484 55.56306720266854,8.080071099999941 55.5627266,8.080673400000023 55.5628467))
042	Breddal	POLYGON((8.169766999999979 55.6846386,8.169232547661181 55.68444066456136,8.169583648589196 55.68413936556314,8.170118099999968 55.6843373,8.169766999999979 55.6846386))
073	Brøndsted Fælled	POLYGON((9.689453800000024 55.6106682,9.688861752249068 55.61053603067525,9.689095753455717 55.6102016311207,9.689687800000002 55.6103338,9.689453800000024 55.6106682))
019	Buderupholm	POLYGON((9.861753799999974 56.8537287,9.862389104606564 56.853636767791144,9.862557202633184 56.85398406801693,9.86192189999997 56.854076,9.861753799999974 56.8537287))
052	Damvej	POLYGON((8.949504499999989 55.1850228,8.949361583234804 55.18467241748273,8.949975279094929 55.18459082056388,8.95011820000002 55.1849412,8.949504499999989 55.1850228))
044	Lovrup	POLYGON((8.897794200000021 55.1429886,8.89816837368744 55.1432773604329,8.897663472737804 55.14349106251954,8.897289300000011 55.1432023,8.897794200000021 55.1429886))
045	Helm Hede	POLYGON((8.934979300000009 55.1734624,8.934791073014935 55.173118940136014,8.935392469454882 55.173011443095334,8.935580699999946 55.1733549,8.934979300000009 55.1734624))
047	Lindet	POLYGON((8.951114800000028 55.2069222,8.951475944141976 55.20721656115809,8.950960242997326 55.20742256333316,8.950599099999977 55.2071282,8.951114800000028 55.2069222))
051	Gram Å	POLYGON((9.06744649999996 55.2923274,9.06807507364283 55.292372151955604,9.067996474263055 55.29273005200607,9.067367900000022 55.2926853,9.06744649999996 55.2923274))
039	Kjærgaard løvklitter	POLYGON((8.190433100000064 55.6942035,8.191069716735797 55.69417853066048,8.191114016300844 55.69453733067643,8.190477399999963 55.6945623,8.190433100000064 55.6942035))
043	Filsøvej	POLYGON((8.216055299999994 55.6725066,8.216667434967349 55.67240681429526,8.216844332955816 55.67275191454961,8.216232200000036 55.6728517,8.216055299999994 55.6725066))
074	Rands Fjord	POLYGON((9.6927551 55.6066776,9.693092713778924 55.60637305342863,9.693630706991257 55.60656335578333,9.693293100000005 55.6068679,9.6927551 55.6066776))
075	Svinholt	POLYGON((9.545908599999962 55.6671196,9.545529819247804 55.667408517806734,9.545018112679486 55.667195119935144,9.545396900000014 55.6669062,9.545908599999962 55.6671196))
072	Vejle Fjord	POLYGON((9.730477500000006 55.6921586,9.7300575346693 55.69188825948186,9.730537134256679 55.69165156135094,9.730957100000069 55.6919219,9.730477500000006 55.6921586))
070	Gjessøvej	POLYGON((9.496022700000026 56.1263982,9.495873260907501 56.126048658218124,9.496499656569881 56.125965461387224,9.496649100000013 56.126315,9.496022700000026 56.1263982))
067	Rye Sønderskov - skjult	POLYGON((9.637826099999984 56.0709995,9.637852982777531 56.07064020587958,9.638496676526643 56.07065520922878,9.638469799999939 56.0710145,9.637826099999984 56.0709995))
064	Mossø	POLYGON((9.704192599999942 56.053496,9.7039928614455 56.053154421287196,9.70460375779976 56.05304302430453,9.704803500000025 56.0533846,9.704192599999942 56.053496))
066	Odderholm	POLYGON((9.731601299999966 56.0639614,9.731487457013827 56.063607736393486,9.73212035225049 56.063544239631575,9.732234199999994 56.0638979,9.731601299999966 56.0639614))
028	Ejstrup mose	POLYGON((8.377869499999974 56.1673334,8.378460734792952 56.167477471243785,8.378202736030062 56.167805671781096,8.377611500000057 56.1676616,8.377869499999974 56.1673334))
032	Ejstrup krat	POLYGON((8.372386300000016 56.1709372,8.371938683465942 56.17067798829917,8.372404283344508 56.17042879004895,8.3728519 56.170688,8.372386300000016 56.1709372))
029	Sønderbyvej	POLYGON((8.194868700000029 56.2951107,8.194924933905327 56.29475249901918,8.195570427328448 56.29478370237631,8.195514199999934 56.2951419,8.194868700000029 56.2951107))
033	Nissum	POLYGON((8.16233729999999 56.3177734,8.162859604490336 56.317986030272664,8.162476405261714 56.318275531455384,8.161954100000003 56.3180629,8.16233729999999 56.3177734))
027	Husby Klit	POLYGON((8.12873609999997 56.313741,8.128222391075496 56.31352206735805,8.128616791754666 56.31323736861101,8.129130499999974 56.3134563,8.12873609999997 56.313741))
024	Regan Vest	POLYGON((9.800359500000013 56.8236038,9.800660850975646 56.823923425805326,9.800076748563015 56.82408832853261,9.799775400000044 56.8237687,9.800359500000013 56.8236038))
025	Gravlev Kær	POLYGON((9.820620299999973 56.832892,9.820320902562571 56.83321209643372,9.819735795001634 56.83304829917001,9.820035200000007 56.8327282,9.820620299999973 56.832892))
020	Urskoven	POLYGON((9.835575699999936 56.815509,9.835567116602306 56.81514970120399,9.836223110394485 56.81514500464447,9.836231699999985 56.8155043,9.835575699999936 56.815509))
026	Rold	POLYGON((9.851043699999991 56.8139864,9.850552671683545 56.81374790901679,9.850987772030749 56.813479510530364,9.851478799999995 56.813718,9.851043699999991 56.8139864))
022	Høstemark Engskov	POLYGON((10.215796100000034 56.9375844,10.21607715072389 56.93725942473819,10.216672343093023 56.93741262756514,10.216391299999941 56.9377376,10.215796100000034 56.9375844))
023	Høstemark Sumpskov	POLYGON((10.229535299999952 56.9322572,10.229287415504587 56.931924299102704,10.22989681227341 56.93178920206642,10.230144699999983 56.9321221,10.229535299999952 56.9322572))
005	Vandplasken	POLYGON((9.880434700000023 57.5176619,9.880110338264672 57.51797654987436,9.879524430412516 57.5178023525886,9.87984879999999 57.5174877,9.880434700000023 57.5176619))
004	Kjærsgård	POLYGON((9.925813100000028 57.5167832,9.926479480432363 57.516750968377885,9.92653947979079 57.517108768406345,9.92587309999999 57.517141,9.925813100000028 57.5167832))
007	Kjul Strand	POLYGON((10.057574799999998 57.5904518,10.056918407894045 57.590524915333056,10.05678210630299 57.59017341547977,10.05743849999999 57.5901003,10.057574799999998 57.5904518))
002	Uggerby Strand	POLYGON((10.077678800000058 57.5880631,10.07834783313183 57.58803962153103,10.078391632671696 57.58839822154617,10.077722600000016 57.5884217,10.077678800000058 57.5880631))
006	Uggerby Skovvej	POLYGON((10.08010569999999 57.5807749,10.080744381751856 57.580884799587594,10.080539383061819 57.58122719991954,10.079900700000053 57.5811173,10.08010569999999 57.5807749))
079	Melby Hede	POLYGON((11.993416300000035 56.0228695,11.992795222579844 56.022775720334,11.992963023680659 56.022428620561755,11.993584100000021 56.0225224,11.993416300000035 56.0228695))
080	Melby Overdrev	POLYGON((11.991956999999957 56.0184773,11.991645696681417 56.01879202942042,11.99108258955539 56.01861803198535,11.991393900000048 56.0183033,11.991956999999957 56.0184773))
086	Tisvilde Hegn	POLYGON((12.073607100000004 56.0439588,12.073800550072065 56.04430149283679,12.073187846343444 56.04440939587236,12.07299439999997 56.0440667,12.073607100000004 56.0439588))
085	Ellemose	POLYGON((12.100497799999971 56.0223923,12.100755292874396 56.02272158122717,12.100166090045605 56.022865484035194,12.099908599999935 56.0225362,12.100497799999971 56.0223923))
087	Tibberup Holme	POLYGON((12.250416500000028 55.9873042,12.250781894593729 55.987008663707336,12.251309987766831 55.98721296596427,12.250944600000025 55.9875085,12.250416500000028 55.9873042))
084	Toggerup Tørvemose	POLYGON((12.292489499999988 55.9844117,12.293130205073453 55.984437216030436,12.293084605465879 55.98479551604725,12.292443899999967 55.98477,12.292489499999988 55.9844117))
083	Maglemose	POLYGON((12.315953100000002 56.0000976,12.315828622246045 55.999745077687585,12.316458917631849 55.999675480902035,12.316583400000013 56.000028,12.315953100000002 56.0000976))
082	Birkemose	POLYGON((12.2720683 55.9683569,12.27151028003209 55.9685348123075,12.271192376004478 55.96822251312556,12.271750399999974 55.9680446,12.2720683 55.9683569))
081	Strødam	POLYGON((12.272548599999936 55.9569289,12.272037965564323 55.95714660546764,12.271649160507195 55.956860806691516,12.272159800000054 55.9566431,12.272548599999936 55.9569289))
093	Skamlebæk	POLYGON((11.423662199999967 55.8363327,11.423537457652174 55.83668512796937,11.42291035083963 55.83661513115859,11.423035099999993 55.8362627,11.423662199999967 55.8363327))
088	Diesbjerg	POLYGON((11.436245900000017 55.8263408,11.436682152791718 55.826603609311945,11.436218352554306 55.82684651105668,11.435782099999983 55.8265837,11.436245900000017 55.8263408))
089	Eskebjerg Vesterlyng	POLYGON((11.283512200000018 55.7360228,11.283075089980912 55.73628499126917,11.282609383916224 55.736038893030454,11.283046499999955 55.7357767,11.283512200000018 55.7360228))
090	Eskebjerg Enghave	POLYGON((11.275467599999956 55.7276813,11.27483052659909 55.72766107308033,11.274866426910307 55.72730247309079,11.275503500000013 55.7273227,11.275467599999956 55.7276813))
091	Malles Næs	POLYGON((11.202122400000007 55.7051782,11.20174349309002 55.70546736210846,11.201230286488453 55.70525386424825,11.201609200000007 55.7049647,11.202122400000007 55.7051782))
092	Kaldred Kær	POLYGON((11.236243000000059 55.7036285,11.235894988168866 55.703930069835216,11.235359781353054 55.70373397216245,11.2357078 55.7034324,11.236243000000059 55.7036285))
095	Røsnæs	POLYGON((10.896909100000016 55.7408865,10.897146613053337 55.74055262048049,10.89773970594706 55.740686323336966,10.897502199999963 55.7410202,10.896909100000016 55.7408865))
094	Røsnæs Krat	POLYGON((10.893082800000002 55.7347163,10.89356002716886 55.73447771434752,10.893966921992387 55.73473571569209,10.893489700000032 55.7349743,10.893082800000002 55.7347163))
096	Allindelille Fredskov	POLYGON((11.77633949999995 55.5162891,11.775711159141338 55.51633965137461,11.775621958221222 55.51598425143942,11.776250300000015 55.5159337,11.77633949999995 55.5162891))
099	Avnsø	POLYGON((11.88504940000007 55.5659695,11.884414874797926 55.56594591857605,11.88445657515365 55.56558711859019,11.885091099999954 55.5656107,11.88504940000007 55.5659695))
100	Smuldmosen	POLYGON((11.883716100000015 55.5528848,11.883354397014159 55.552589189463,11.883876995803917 55.55238459168647,11.884238699999969 55.5526802,11.883716100000015 55.5528848))
104	Bimosen	POLYGON((11.592194500000005 55.3993547,11.592139338791753 55.398996738803945,11.592769133586899 55.398965442039774,11.592824299999961 55.3993234,11.592194500000005 55.3993547))
101	Frederikskilde Skov	POLYGON((11.54680570000005 55.3771262,11.547161008111061 55.377423455660086,11.54663800684898 55.37762525789216,11.546282700000006 55.377328,11.54680570000005 55.3771262))
102	Kongskilde Friluftsgård	POLYGON((11.535803100000066 55.3800967,11.536389415983876 55.3799618252944,11.53662681317519 55.38029492575428,11.536040500000013 55.3804298,11.535803100000066 55.3800967))
103	Fuglebjerg	POLYGON((11.534320100000059 55.3161706,11.534170384548247 55.31582120093418,11.534784380456927 55.31573600401306,11.534934099999987 55.3160854,11.534320100000059 55.3161706))
106	Hestebakke	POLYGON((10.246295499999974 55.1299406,10.24666164421933 55.129648540762076,10.247159238038194 55.12985244278914,10.24679309999999 55.1301445,10.246295499999974 55.1299406))
107	Dalkildegård	POLYGON((10.25378509999996 55.1335363,10.253166037686356 55.133600782792584,10.253053236504229 55.133246882896735,10.253672300000062 55.1331824,10.25378509999996 55.1335363))
108	Iglesø	POLYGON((10.31694600000003 55.1206163,10.317522324151469 55.12075947664659,10.317272225316401 55.12108867715873,10.316695900000013 55.1209455,10.31694600000003 55.1206163))
109	Rødme Svinehaver	POLYGON((10.499528000000055 55.1013744,10.499321410391417 55.10103501067811,10.499914607108508 55.10091681355997,10.500121199999967 55.1012562,10.499528000000055 55.1013744))
110	Skyttegård	POLYGON((10.369126599999959 55.1294281,10.368518970578748 55.129336164168805,10.368679771607617 55.12898876438049,10.369287399999962 55.1290807,10.369126599999959 55.1294281))
111	Nybo Mose	POLYGON((10.368629100000021 55.1352798,10.368379125876231 55.13494984479049,10.36895632317146 55.1348069475178,10.369206299999973 55.1351369,10.368629100000021 55.1352798))
112	Stævningen	POLYGON((10.451394800000003 55.1517227,10.451277326442096 55.1513696967453,10.451894822016698 55.15130259986606,10.452012299999978 55.1516556,10.451394800000003 55.1517227))
113	Fuglsang Storskov	POLYGON((11.805432600000017 54.7806465,11.80480981990695 54.780635760601584,11.804828420066997 54.780276960604446,11.805451199999993 54.7802877,11.805432600000017 54.7806465))
114	Løgnor	POLYGON((11.811784799999941 54.7863341,11.811196730922916 54.78645369170885,11.810989328570486 54.78611459206253,11.811577400000033 54.785995,11.811784799999941 54.7863341))
115	Bursø	POLYGON((11.487148299999944 54.7548324,11.486775783625717 54.75454447096796,11.487274082724525 54.7543297730104,11.487646600000062 54.7546177,11.487148299999944 54.7548324))
116	Fuglse Mose	POLYGON((11.536827099999982 54.7245722,11.537448396105901 54.72459570274773,11.537407696442642 54.724954502761356,11.536786399999983 54.724931,11.536827099999982 54.7245722))
119	Musse Mose	POLYGON((11.646028500000057 54.7145396,11.645701839405774 54.714845695674335,11.645171932939093 54.7146569979852,11.645498599999996 54.7143509,11.646028500000057 54.7145396))
120	Hejrede Sø	POLYGON((11.59893139999997 54.7429153,11.598797122237102 54.742564431163295,11.599404818135667 54.74248693420144,11.599539100000015 54.7428378,11.59893139999997 54.7429153))
122	Ulvshale Klit	POLYGON((12.270186599999988 55.0549655,12.269678741903249 55.05475396481749,12.270048042635267 55.0544630659351,12.270555899999977 55.0546746,12.270186599999988 55.0549655))
123	Ulvshale Hede	POLYGON((12.270191899999986 55.039671,12.270657868049739 55.039911487993976,12.270238168327523 55.040178489437714,12.269772200000034 55.039938,12.270191899999986 55.039671))
124	Busemarke Mose	POLYGON((12.451192600000013 54.9677133,12.451131114181635 54.96735567084639,12.451754109182275 54.96732037403048,12.451815600000032 54.967678,12.451192600000013 54.9677133))
125	Busemarke Sø	POLYGON((12.45500160000006 54.9608257,12.454971267096198 54.96046679311391,12.45559566178872 54.96044939631259,12.455625999999938 54.9608083,12.45500160000006 54.9608257))
097	Suserup Skov	POLYGON((11.556978800000024 55.3796928,11.557203958090895 55.38002858332227,11.55661345498595 55.38015638616761,11.55638829999998 55.3798206,11.556978800000024 55.3796928))
098	Broby Vesterskov	POLYGON((11.593846900000017 55.3838314,11.593942347416487 55.383476184653375,11.594567440945525 55.38353038784173,11.594471999999996 55.3838856,11.593846900000017 55.3838314))
126	Høvblege	POLYGON((12.509445099999994 54.9649209,12.509366895973471 54.96456422184045,12.509988191151479 54.964519325007274,12.510066400000028 54.964876,12.509445099999994 54.9649209))
127	Timesø Bjerg	POLYGON((12.538648299999977 54.9660502,12.53925015749121 54.9659505994167,12.53942365556884 54.96629609966365,12.53882180000005 54.9663957,12.538648299999977 54.9660502))
128	Jydelejet	POLYGON((12.526188400000024 54.9859995,12.52670742384862 54.9857977595315,12.527059019472972 54.986095560545415,12.526540000000068 54.9862973,12.526188400000024 54.9859995))
130	Lindebakker	POLYGON((12.538583399999993 54.9727981,12.539206091404367 54.97275728980031,12.539277190699408 54.97311468984178,12.538654500000007 54.9731555,12.538583399999993 54.9727981))
121	Klinteskov	POLYGON((12.539389000000028 54.980526,12.538984549540942 54.980800359030226,12.538506443509732 54.980568260905166,12.538910900000019 54.9802939,12.539389000000028 54.980526))
129	Hegnede Bakke	POLYGON((12.299208000000021 55.0245008,12.299178500059838 55.024141868947915,12.299804094721594 55.02412497215633,12.299833600000056 55.0244839,12.299208000000021 55.0245008))
059	Sletterhage	POLYGON((10.514221799999973 56.0969058,10.514807361162184 56.09705558702612,10.514539162390975 56.09738178760732,10.513953600000036 56.097232,10.514221799999973 56.0969058))
055	Glatved	POLYGON((10.848993699999937 56.2983782,10.849025788894778 56.298738361236914,10.848376683079437 56.298756164631456,10.848344600000019 56.298396,10.848993699999937 56.2983782))
054	Kalø	POLYGON((10.480613700000049 56.2914422,10.480415139097545 56.2917845579425,10.479798231793552 56.29167436100898,10.47999679999998 56.291332,10.480613700000049 56.2914422))
057	Helligkilde	POLYGON((10.522746999999981 56.206923,10.523345717175516 56.20678639771155,10.523591314167788 56.207119398198174,10.522992599999952 56.207256,10.522746999999981 56.206923))
008	Bunken	POLYGON((10.407555699999989 57.6433451,10.406884326609884 57.64334220484071,10.40688972666294 57.64298330484095,10.407561100000066 57.6429862,10.407555699999989 57.6433451))
061	Langemose	POLYGON((10.563091600000007 56.2245393,10.562458443969035 56.22461385043135,10.562324342476359 56.224261850576504,10.562957500000039 56.2241873,10.563091600000007 56.2245393))
003	Råbjerg Mile	POLYGON((10.404483000000027 57.64468,10.404190338446256 57.6450033903279,10.403592330564834 57.64484839314957,10.403884999999946 57.644525,10.404483000000027 57.64468))
001	Råbjerg Kirke	POLYGON((10.363613100000066 57.628099,10.363527194890708 57.62845584945127,10.362860687498255 57.62840985295741,10.362946599999987 57.628053,10.363613100000066 57.628099))
009	Tversted Plantage	POLYGON((10.24142900000004 57.596752,10.240768490452297 57.59681390060665,10.24065308913373 57.596460300711826,10.241313600000012 57.5963984,10.24142900000004 57.596752))
069	Knagerne	POLYGON((9.52788099999998 56.1339031,9.528169969488545 56.13422432257376,9.527593967087 56.134385225253226,9.52730500000007 56.134064,9.52788099999998 56.1339031))
068	Haarup Sande	POLYGON((9.620701199999985 56.167098,9.62072815009492 56.16745833977619,9.62008094427506 56.16747334315744,9.620053999999982 56.167113,9.620701199999985 56.167098))
060	Strandkær	POLYGON((10.587295900000072 56.2226783,10.586866745432872 56.22240687272183,10.587354945014681 56.2221682746443,10.587784100000022 56.2224397,10.587295900000072 56.2226783))
035	Stråsø Plantage	POLYGON((8.494502300000022 56.2451324,8.494502309171025 56.24549306309091,8.493853203057029 56.245493066488095,8.49385319999999 56.2451324,8.494502300000022 56.2451324))
034	Klitvej	POLYGON((8.135825999999952 56.227693,8.136403811863829 56.22753191839668,8.13669330822222 56.22785281907272,8.13611549999996 56.2280139,8.135825999999952 56.227693))
058	Tyskertårnet	POLYGON((10.52968199999998 56.100254,10.529049548652438 56.10018555417445,10.5291515492479 56.09989235425852,10.529784000000063 56.0999608,10.52968199999998 56.100254))
063	Letmose	POLYGON((9.35932159999993 56.1034732,9.358720740153558 56.10360481520844,9.358484737292429 56.10326971565844,9.359085600000071 56.1031381,9.35932159999993 56.1034732))
056	Hestehaven	POLYGON((10.471580000000017 56.2871788,10.472053630833216 56.28693382542133,10.472493524999663 56.2871958269807,10.472019899999964 56.2874408,10.471580000000017 56.2871788))
046	Lindestykket	POLYGON((8.959117200000037 55.011351,8.959547262767956 55.01161241543696,8.959091362599565 55.01185901714111,8.958661300000017 55.0115976,8.959117200000037 55.011351))
049	Grønnevej	POLYGON((8.973394600000006 55.0155234,8.973214963666578 55.01517892465251,8.97381576004841 55.01507592761194,8.973995400000035 55.0154204,8.973394600000006 55.0155234))
050	Gråbjerg Mose	POLYGON((8.986097599999994 55.0179137,8.985958070245601 55.01826434024732,8.985346463676251 55.01818434331403,8.985486000000037 55.0178337,8.986097599999994 55.0179137))
048	Gram Slot	POLYGON((9.059348699999987 55.2925932,9.059676078155235 55.292901688941356,9.059134276488408 55.293088091339484,9.058806900000036 55.2927796,9.059348699999987 55.2925932))
040	Lønne	POLYGON((8.212500200000022 55.7948969,8.213139374727007 55.79489385922678,8.21314477467672 55.795252759227026,8.212505599999986 55.7952558,8.212500200000022 55.7948969))
031	Ejstrup Eng	POLYGON((8.388152699999978 56.1675138,8.38800255623346 56.16716431351848,8.388630251887662 56.16708071669886,8.388780399999973 56.1674302,8.388152699999978 56.1675138))
010	Kællingdal	POLYGON((8.655244400000015 57.1167711,8.655866588006347 57.11664731144027,8.656094585165192 57.116985111853936,8.655472400000008 57.1171089,8.655244400000015 57.1167711))
021	Skindbjerglund	POLYGON((9.922145600000022 56.8903666,9.921969120362633 56.89071274908405,9.921336112866925 56.89061645228385,9.921512600000028 56.8902703,9.922145600000022 56.8903666))
077	Rand Skov	POLYGON((9.868710599999986 55.6894144,9.869070952549237 55.689117989354145,9.869596745832041 55.689321091600725,9.869236399999977 55.6896175,9.868710599999986 55.6894144))
071	Bjergfald	POLYGON((9.850471599999992 55.6759899,9.850042432195323 55.676256103143096,9.849570326062235 55.6760141049546,9.849999499999967 55.6757479,9.850471599999992 55.6759899))
038	Vrøgum Kær	POLYGON((8.241760900000031 55.6735936,8.242235624201157 55.67383329252058,8.241811824495926 55.67410019398041,8.24133710000001 55.6738605,8.241760900000031 55.6735936))
105	Svanninge Bakker	POLYGON((10.247984200000019 55.1230721,10.24735603108968 55.123087480355714,10.247329130837443 55.12272828036164,10.247957300000053 55.1227129,10.247984200000019 55.1230721))
078	Grund Skov	POLYGON((9.752833799999962 55.6911717,9.752554736000548 55.6914951789546,9.75198082894326 55.691337881631014,9.752259900000013 55.6910144,9.752833799999962 55.6911717))
076	Vesterskov	POLYGON((9.856206199999974 55.6841073,9.856550375583993 55.68380485941986,9.857086768774934 55.6839988617581,9.856742599999961 55.6843013,9.856206199999974 55.6841073))
018	Østerild	POLYGON((8.874598099999957 57.0451244,8.874348638153378 57.04479168169615,8.874960234909395 57.04465598467607,8.875209700000028 57.0449887,8.874598099999957 57.0451244))
013	Tømmerby Fjord	POLYGON((8.930039399999941 57.05463,8.930163527066497 57.05427699124018,8.930812619715425 57.05434449459621,8.930688499999974 57.0546975,8.930039399999941 57.05463))
015	Kokkærvand	POLYGON((8.642538800000011 57.0641365,8.642727450708549 57.064480873631645,8.642094446583542 57.06458337682284,8.641905800000018 57.064239,8.642538800000011 57.0641365))
011	Lild Strand	POLYGON((8.950346399999944 57.144624,8.950813855944261 57.144369340067016,8.951283249496896 57.14462294181959,8.950815799999987 57.1448776,8.950346399999944 57.144624))
037	Houstrup Strand	POLYGON((8.182596200000035 55.7733504,8.183234286716697 55.773390501906306,8.183162987299852 55.773749401947576,8.182524899999976 55.7737093,8.182596200000035 55.7733504))
012	Raspkær	POLYGON((8.560036699999955 57.0377495,8.559902666496328 57.03739764922216,8.560549061643428 57.037324752551235,8.560683100000006 57.0376766,8.560036699999955 57.0377495))
016	Tjenestejorden	POLYGON((8.916354800000022 57.0505458,8.91701545503986 57.050545798261595,8.91701545503986 57.05090469826159,8.916354800000022 57.0509047,8.916354800000022 57.0505458))
017	Tovsigvej	POLYGON((8.911832600000025 57.044695,8.91213919990173 57.04501327188626,8.911554397515374 57.045179974610775,8.911247799999956 57.0448617,8.911832600000025 57.044695))
014	Febbested	POLYGON((8.677259999999933 57.1131669,8.677074551867918 57.112821722378186,8.677710247673076 57.11272102559415,8.677895700000022 57.1130662,8.677259999999933 57.1131669))
030	Lilleå	POLYGON((8.50842399999999 56.248918,8.50786977138091 56.2491031937743,8.507541767198404 56.2488001946417,8.508096000000023 56.248615,8.50842399999999 56.248918))
036	Nymindegab	POLYGON((8.173858999999993 55.8201249,8.173866678019749 55.81976559643243,8.17450497205482 55.819769899737295,8.174497299999985 55.8201292,8.173858999999993 55.8201249))
999	Test	POLYGON((10.499260400000026 56.2987234,10.498618899510461 56.29877255220195,10.498530398573052 56.29841695226504,10.499171899999965 56.2983678,10.499260400000026 56.2987234))
065	Tørvefladen - skjult	POLYGON((9.398288699999966 56.0950476,9.398804031502777 56.09483199719342,9.399190326457983 56.095119298399204,9.398675000000026 56.0953349,9.398288699999966 56.0950476))
062	Urfuglebakken - skjult	POLYGON((9.428957099999934 56.0866891,9.428313169680564 56.08668312706079,9.428323869778751 56.086323927061706,9.42896780000001 56.0863299,9.428957099999934 56.0866891))
117	Skelsnæs - skjult	POLYGON((11.550493200000005 54.7371094,11.550004923397637 54.73688637408304,11.550391223959082 54.73660447531082,11.550879500000065 54.7368275,11.550493200000005 54.7371094))
118	Søholt - skjult	POLYGON((11.53504369999996 54.7365643,11.535429963644106 54.73684609390572,11.534941862935739 54.73706909586583,11.534555599999976 54.7367873,11.53504369999996 54.7365643))